
 Solucion ejemplo 1: 
|6 75 3 84|
|526 3749 |
|95 21 8 7|
|4 31 6 72|
|34876192 |
| 8 9 4 35|
|719 253 8|
| 7 4 8 19|
|86539 74 |

 Solucion ejemplo 2: 
|92 8 6 54|
|4 63289 1|
|16 48 237|
|382 67 1 |
|5 19 2786|
| 7 21 8 5|
|79864152 |
|8 31 4 62|
| 34 596 8|

 Solucion ejemplo 3: 
| 79 2 81 |
|3 2978 45|
|296 5 43 |
| 316 2 84|
|8 4761329|
|96 8 52 1|
| 43 8 96 |
|62 319 57|
| 872 459 |

 Solucion ejemplo 4: 
| 71 36 5 |
|76 1 2483|
| 5789 16 |
|3459 1678|
| 3 2745 9|
|584 6 23 |
|1 85 7 92|
| 9341582 |
|912 8 745|

 Solucion ejemplo 5: 
|38 57 2 6|
| 57 68923|
|62 783 4 |
| 72 5 139|
|8932 6 54|
| 1 32986 |
|2 1 3 698|
|548697 1 |
| 3 9 2487|

 Solucion ejemplo 6: 
|6 95 3782|
|475 189 6|
|8 426 51 |
| 826 5 94|
|26 1948 7|
|1 632 478|
|59 431 2 |
|3 79 6241|
| 21 47 6 |

 Solucion ejemplo 7: 
| 7 2 8693|
|69281 7 5|
| 28 6947 |
|36 49 8 7|
|5 1 74 36|
| 159 726 |
|94 783 12|
|2 76 1359|
| 5932 1 8|

 Solucion ejemplo 8: 
|3 268 71 |
|96 2 1853|
| 38917 46|
|79 12 63 |
|8 47 2 69|
| 7 4689 5|
|186 7 49 |
|429836 71|
|2 53 91 7|

 Solucion ejemplo 9: 
|8 73591 2|
|615 3 874|
| 6 1 5 87|
|52476139 |
| 4 5 69 1|
|381 2 659|
| 7 2845 6|
|4936 7 15|
| 5 81 74 |

 Solucion ejemplo 10: 
| 91 65 4 |
|13 458769|
| 26 3 8 4|
|34 896 1 |
| 78 14523|
|26 34 9 5|
| 895 3 72|
|85 7294 1|
|4 39 7 58|

 Solucion ejemplo 11: 
| 824 9 15|
|6 5 1493 |
|84695 2 7|
|4 3 78 29|
|16 23 59 |
|9 83 2761|
|25 16 4 8|
|5 4 93 76|
|7915 638 |

 Solucion ejemplo 12: 
| 8 5142 9|
|7143 9 85|
| 28 6539 |
|34 9 85 1|
| 7982 164|
|153 72 4 |
| 6 49 823|
|892143 56|
| 35 864 7|

 Solucion ejemplo 13: 
|8621 43 7|
| 4 986 25|
|489 2 6 3|
|6 53 9874|
| 74852 39|
|29 5 37 1|
| 56 17 8 |
|91 73 258|
| 31 984 6|

 Solucion ejemplo 14: 
| 23 854 7|
|81 932 74|
|459 1736 |
| 9 37 815|
|376254 9 |
|28 4 16 9|
|7 5 69283|
|9625 3 41|
|6 1 489 2|

 Solucion ejemplo 15: 
|4 687 912|
|51 249 3 |
| 59 38264|
|7953 4 2 |
|9 8 213 5|
|86 413 79|
| 41 6279 |
|28 69 457|
| 749 51 3|

 Solucion ejemplo 16: 
|4329851 7|
|2 61 9 83|
| 4837 61 |
|75 2 83 1|
|891 36724|
| 8 51 9 2|
|3158 749 |
|1 4 93 58|
| 2746 83 |

 Solucion ejemplo 17: 
|92 18 3 7|
| 16 32795|
|36 578 29|
| 49 5186 |
|83 6 7 54|
| 8321 47 |
|75 9 31 8|
|6 5394 12|
| 978 523 |

 Solucion ejemplo 18: 
|9 7 854 1|
|74169 358|
| 5 437 2 |
|8 47 35 9|
|673 54 82|
| 8 21 76 |
|396 71 45|
|4 95 8217|
| 28 46 7 |

 Solucion ejemplo 19: 
| 86 9 143|
|97 685 1 |
|1 42 3867|
|825 79 3 |
| 135 7984|
|469 18 7 |
|3 892 6 1|
| 374 1529|
|25 736 9 |

 Solucion ejemplo 20: 
|14 257 39|
| 76 1295 |
|5 169 378|
|21 5 368 |
|95718 4 6|
|7 2 36845|
|82 7 9 1 |
|3 586 7 2|
|493 78561|

 Solucion ejemplo 21: 
|3564 891 |
|9 862 753|
| 32 46 7 |
|69 21 538|
| 85 79 41|
|24 18 69 |
|4618 5 27|
| 7 352164|
|127 6 4 9|

 Solucion ejemplo 22: 
|2 357 4 8|
|72 139864|
|8674 15 2|
|3 4 6 21 |
| 9 8421 7|
|9823 7 45|
|4 968 75 |
|571 243 6|
|1 825 673|

 Solucion ejemplo 23: 
| 36 71 59|
|8234 75 6|
| 6 73 984|
|9 72 68 3|
|195 43 28|
|6 982 41 |
| 8 1 2675|
|741389 6 |
| 1 9 5247|

 Solucion ejemplo 24: 
|7624 8 9 |
|2 9675381|
| 4 916 7 |
|5761 4239|
|1 7 53 6 |
|39 26 418|
|9 87 2 4 |
| 31 297 6|
|82439 657|

 Solucion ejemplo 25: 
|61279 5 4|
|8 56 9312|
| 63 1 4 9|
|9 6423 71|
|73 1 264 |
| 47 6 9 8|
|45 238197|
|12497 83 |
|3 15 4286|

 Solucion ejemplo 26: 
| 9 5 4 62|
|4721938 6|
| 6 4 2 35|
|539 4 271|
| 512796 3|
|64 32815 |
| 13 6 4 9|
|3279 6548|
|1 6 573 4|

 Solucion ejemplo 27: 
|413 8675 |
| 364 72 5|
|172 5 693|
| 871943 6|
|6 173 54 |
|72 9 18 4|
| 64 25 18|
|59 643172|
| 453 29 1|

 Solucion ejemplo 28: 
|2 18 4697|
|985 67 3 |
|5296 83 1|
|6 825 943|
| 6 975 1 |
|7345 6129|
|4 7 93285|
| 4 32 5 8|
|873412 56|

 Solucion ejemplo 29: 
| 62 19 5 |
|5 31 8762|
|758 369 4|
|8 7261 93|
| 857 31 6|
|27 34 68 |
| 169 7 48|
|1 4 823 9|
|63187 52 |

 Solucion ejemplo 30: 
|579 461 2|
|7 83 9651|
| 63 54 9 |
|32 51 9 8|
|9174 5326|
| 5 198 73|
|8 5 3126 |
|23687 5 9|
|4 1 62835|

 Solucion ejemplo 31: 
| 5 347 19|
|586 2134 |
| 7498 625|
|42 7 398 |
|2 146 853|
|9638 47 1|
| 4 25 167|
|319 785 2|
|8 269 43 |

 Solucion ejemplo 32: 
| 72956 13|
|3 1 8 47 |
|7561 2384|
|5 7624 3 |
| 48 6 195|
|9 42 87 6|
|23 81 56 |
|8 9543627|
|6834 1 5 |

 Solucion ejemplo 33: 
| 9238 754|
|2 4 75 6 |
|93 5 8417|
|3 826 9 1|
|876 93 25|
|5 784 2 3|
| 6 4 2378|
|625739 8 |
| 5 91 832|

 Solucion ejemplo 34: 
| 6475 938|
|75 4 21 9|
| 87 2349 |
|31 8 5 62|
| 389476 5|
|621 9 57 |
|59 376 24|
| 45 3 816|
|97 264 5 |

 Solucion ejemplo 35: 
|4762 81 5|
| 1 984267|
|763 42 1 |
|3 28659 4|
| 94 2 571|
|9275 68 3|
| 48 51 9 |
|2814 9756|
|8 5 13 2 |

 Solucion ejemplo 36: 
| 28 45 31|
|2 795 64 |
|379 621 8|
|4 52 1 76|
| 4 79381 |
|7843 69 5|
| 61 38497|
|1 28 47 9|
|613 7928 |

 Solucion ejemplo 37: 
|6 739152 |
|35 6 42 7|
|7 4 6 185|
|9625178 3|
| 3 7 2 96|
|421 5 73 |
|2 8176 59|
| 85 3 642|
|1438 597 |

 Solucion ejemplo 38: 
|832597146|
|1 6 4 5 2|
| 95782 6 |
|2 94 8753|
|32 67 4 5|
|917 5683 |
| 6 315 89|
|6532 19 8|
| 71 2369 |

 Solucion ejemplo 39: 
|537 81 2 |
|1 27 6894|
| 8539 6 7|
|6 8 19 53|
|9638 27 5|
|8 1 75 39|
| 5946 3 1|
|3 4127586|
|416 5 9 8|

 Solucion ejemplo 40: 
| 2 75 8 1|
|617 83294|
|1 89 25 3|
|84 216 5 |
|2 5 64319|
|59462 1 8|
| 893 546 |
|73 49 6 5|
|9 31 8726|

 Solucion ejemplo 41: 
|2 947 5 1|
|4265 1783|
|9 8 13 6 |
|69 2 84 5|
| 35827 49|
|567 84932|
| 4 63 1 8|
|314965 27|
|8 1 4 37 |

 Solucion ejemplo 42: 
| 367 1284|
|87 65 4 2|
|5 8 2374 |
| 293 6 18|
|2 416 573|
|64 2 98 5|
|1 3847 26|
|31 4856 9|
| 859 2 61|

 Solucion ejemplo 43: 
| 156 83 7|
|8 7 3 412|
|279851643|
|62 7 39 8|
|3 4 76 2 |
| 483 5176|
|9 2 64 51|
|15624783 |
|4 3 1 265|

 Solucion ejemplo 44: 
|6 8 79 3 |
|84573 629|
|25 316987|
|3 765 2 1|
| 369 871 |
|4 1 2 3 6|
|123497 65|
|7 2 83594|
| 892 5 7 |

 Solucion ejemplo 45: 
| 2951 74 |
|5 3 71486|
|6483 91 2|
|8 764 93 |
| 64 93 51|
|98 1326 4|
|176 58 9 |
| 9 2 4815|
|41278 3 9|

 Solucion ejemplo 46: 
|3 872 19 |
|42 9 75 6|
|7 358 421|
|57 2 864 |
|689412 75|
| 12 4576 |
|9 617 8 2|
|13 6 9287|
| 47861 5 |

 Solucion ejemplo 47: 
|8 6 4 1 7|
|217436985|
| 51 23 9 |
|48 3 76 2|
| 64159 28|
|6 9 8 57 |
|7485 23 9|
| 9 761 43|
|973 1426 |

 Solucion ejemplo 48: 
| 4 593 68|
|468 7 13 |
|53 918 76|
| 852 43 9|
|3 162 947|
|8931 2 5 |
|6 2 87593|
| 794 18 5|
|927 65 81|

 Solucion ejemplo 49: 
| 9 721 83|
|587 3691 |
|14837 526|
|9 15 32 8|
|21 957 34|
|3 4 8 17 |
|7298 5341|
|8 2 647 9|
|45 21 69 |

 Solucion ejemplo 50: 
| 8 41963 |
|743 5 896|
|49 8 6 12|
| 187925 4|
|8 61 4 29|
|92 64 753|
| 743 516 |
|359 214 8|
|5 796 241|
